header:
  seq: 0
  stamp:
    secs: 0
    nsecs: 0
  frame_id: velodyne128
child_frame_id: front_6mm
transform:
  translation:
    x: 0.580393
    y: 0.0727572
    z: -0.211861
  rotation:
     x: -0.510422
     y: 0.496314
     z: -0.486027
     w: 0.506871
  euler_angles_degree:
     pitch: -90.786
     yaw: -87.9999
     roll: 0.399755
