header:
  seq: 0
  stamp:
    secs: 0
    nsecs: 0
  frame_id: velodyne128
child_frame_id: front_6mm
transform:
  translation:
    x: 0.580393
    y: 0.0727572
    z: -0.211861
  rotation:
     x: -0.502988
     y: 0.496432
     z: -0.507426
     w: 0.493029
  euler_angles_degree:
     pitch: -89.936
     yaw: -90.45
     roll: -1.20027
