header: 
    seq: 0
    stamp: 
        secs: 0
        nsecs:                 0
    frame_id: white_mkz_onsemi_obstacle
height: 1208
width: 1920
distortion_model: plumb_bob
D: [-0.4483946859, 0.2350624948, 0.0, 0.0, 0.0]
K: [1918.64, 0.0, 948.617, 0.0, 1924.48, 628.628, 0.0, 0.0, 1.0]
R: [1.0, 0.0, 0.0, 0.0, 1.0, 0.0, 0.0, 0.0, 1.0]
binning_x: 0
binning_y: 0
roi: 
    x_offset: 0
    y_offset: 0
    height: 0
    width: 0
    do_rectify: False
