header:
  seq: 0
  stamp:
    secs: 0
    nsecs: 0
  frame_id: front_6mm
height: 1080
width: 1920
distortion_model: plumb_bob
D: [-0.571007, 0.319193, 0.000497, -0.002258, 0.000000]
K: [1996.241246, 0.000000, 953.758716, 0.000000, 1993.372273, 500.599692,0.000000, 0.000000, 1.000000]
R: [1.0, 0.0, 0.0, 0.0, 1.0, 0.0, 0.0, 0.0, 1.0]
binning_x: 0
binning_y: 0
roi:
  x_offset: 0
  y_offset: 0
  height: 0
  width: 0
  do_rectify: False
