header:
  seq: 0
  stamp:
    secs: 0
    nsecs: 0
  frame_id: front_12mm
height: 1080
width: 1920
distortion_model: plumb_bob
D: [-0.629094, 0.393324, -0.019543, 0.003220, 0.000000]
K: [3961.082370, 0.000000, 963.839055,0.000000, 3984.084420, 620.555243,0.000000, 0.000000, 1.000000]
R: [1.0, 0.0, 0.0, 0.0, 1.0, 0.0, 0.0, 0.0, 1.0]
binning_x: 0
binning_y: 0
roi:
  x_offset: 0
  y_offset: 0
  height: 0
  width: 0
  do_rectify: False
