header:
  seq: 0
  stamp:
    secs: 0
    nsecs:         0
  frame_id: front_12mm
height: 1080
width: 1920
distortion_model: plumb_bob
D: [-4.06827274e-01, -2.99993921e-01, -3.01970278e-03, 1.60945977e-03, 9.55303346e+00]
K: [3.92828004e+03, 0.00000000e+00, 9.27354242e+02, 0.00000000e+00, 3.91564341e+03, 6.63029847e+02, 0.0, 0.0, 1.0]
R: [1.0, 0.0, 0.0, 0.0, 1.0, 0.0, 0.0, 0.0, 1.0]
P: [3.92828004e+03, 0.00000000e+00, 9.27354242e+02, 0, 0.00000000e+00, 3.91564341e+03, 6.63029847e+02, 0, 0.0, 0.0, 1.0, 0]
binning_x: 0
binning_y: 0
roi:
  x_offset: 0
  y_offset: 0
  height: 0
  width: 0
  do_rectify: False
