header: 
  seq: 0
  stamp: 
    secs: 0
    nsecs:         0
  frame_id: ''
height: 1080
width: 1920
distortion_model: plumb_bob
D: [-0.2811368328695658, 0.059051678079189235, 0.0013067172071152872, -0.000886000316880438, 0.0]
K: [912.5220541540342, 0.0, 949.7778267009743, 0.0, 912.383089370629, 520.6024968253315, 0.0, 0.0, 1.0]
R: [1.0, 0.0, 0.0, 0.0, 1.0, 0.0, 0.0, 0.0, 1.0]
P: [637.8286743164062, 0.0, 948.8709451783507, 0.0, 0.0, 807.6724853515625, 516.4221808698567, 0.0, 0.0, 0.0, 1.0, 0.0]
binning_x: 0
binning_y: 0
roi: 
  x_offset: 0
  y_offset: 0
  height: 0
  width: 0
  do_rectify: False