header: 
  seq: 0
  stamp: 
    secs: 0
    nsecs:         0
  frame_id: ''
height: 1080
width: 1920
distortion_model: plumb_bob
D: [-0.5594673347809935, 0.31557433361561826, -0.0007148988533738304, 0.004439737912059276, 0.0]
K: [1979.9267632369138, 0.0, 948.2319659307578, 0.0, 1967.5781677241564, 496.7134531109108, 0.0, 0.0, 1.0]
R: [1.0, 0.0, 0.0, 0.0, 1.0, 0.0, 0.0, 0.0, 1.0]
P: [1685.548583984375, 0.0, 955.0389019755967, 0.0, 0.0, 1877.2034912109375, 491.75418425749376, 0.0, 0.0, 0.0, 1.0, 0.0]
binning_x: 0
binning_y: 0
roi: 
  x_offset: 0
  y_offset: 0
  height: 0
  width: 0
  do_rectify: False