header: 
  seq: 0
  stamp: 
    secs: 0
    nsecs:         0
  frame_id: ''
height: 1080
width: 1920
distortion_model: plumb_bob
D: [-0.5652569067263382, 0.29433271686132245, -0.011413228650169496, -0.006338168527954829, 0.0]
K: [2048.247022315828, 0.0, 992.6804847110835, 0.0, 2039.1828040538473, 619.8911364721409, 0.0, 0.0, 1.0]
R: [1.0, 0.0, 0.0, 0.0, 1.0, 0.0, 0.0, 0.0, 1.0]
P: [1757.4119873046875, 0.0, 988.3587307554772, 0.0, 0.0, 1953.744873046875, 620.6618890302561, 0.0, 0.0, 0.0, 1.0, 0.0]
binning_x: 0
binning_y: 0
roi: 
  x_offset: 0
  y_offset: 0
  height: 0
  width: 0
  do_rectify: False