header: 
  seq: 0
  stamp: 
    secs: 0
    nsecs:         0
  frame_id: ''
height: 1080
width: 1920
distortion_model: plumb_bob
D: [-0.562958, 0.323184, -0.001498, 0.03492, 0.0]
K: [2028.79502, 0.0, 959.5, 0.0, 2035.305155, 539.5, 0.0, 0.0, 1.0]
R: [1.0, 0.0, 0.0, 0.0, 1.0, 0.0, 0.0, 0.0, 1.0]
P: [1685.548583984375, 0.0, 955.0389019755967, 0.0, 0.0, 1877.2034912109375, 491.75418425749376, 0.0, 0.0, 0.0, 1.0, 0.0]
binning_x: 0
binning_y: 0
roi: 
  x_offset: 0
  y_offset: 0
  height: 0
  width: 0
  do_rectify: False
