4

DecisionForestClassifier
0.7751 0.0298 0.0639 0.1312
0.2510 0.6802 0.0615 0.0073
0.1904 0.0628 0.6314 0.1155
0.1054 0.0003 0.0038 0.8905

CNNSegmentation
0.9095 0.0238 0.0190 0.0476
0.3673 0.5672 0.0642 0.0014
0.1314 0.0078 0.7627 0.0980
0.3383 0.0017 0.0091 0.6508

CenterPointDetection
0.7095 0.1739 0.0590 0.0576
0.1673 0.7672 0.0642 0.0014
0.1414 0.0178 0.8227 0.0181
0.1383 0.0017 0.0091 0.8508

Confidence
0.80 0.15 0.05 0.00
0.15 0.80 0.05 0.00
0.04 0.04 0.91 0.01
0.00 0.02 0.02 0.95