header:
  seq: 0
  stamp:
    secs: 0
    nsecs:         0
  frame_id: front_6mm
height: 1080
width: 1920
distortion_model: plumb_bob
D: [-0.404512764, 0.287894705, -1.92487504e-03, 2.69998475e-04, -3.25939801e-01]
K: [1983.97376, 0.0, 998.341216, 0.0, 1981.62916, 621.618227, 0.0, 0.0, 1.0]
R: [1.0, 0.0, 0.0, 0.0, 1.0, 0.0, 0.0, 0.0, 1.0]
P: [1983.97376, 0.0, 998.341216, 0.0, 0.0, 1981.62916, 621.618227, 0.0, 0.0, 0.0, 1.0, 0.0]
binning_x: 0
binning_y: 0
roi:
  x_offset: 0
  y_offset: 0
  height: 0
  width: 0
  do_rectify: False
