header: 
  seq: 0
  stamp: 
    secs: 0
    nsecs:         0
  frame_id: short_camera
height: 1080
width: 1920
distortion_model: plumb_bob
D: [-0.535253, 0.259291, 0.004276, -0.000503, 0.0]
K: [1959.678185, 0.0, 1003.592207, 0.0, 1953.786100, 507.820634, 0.0, 0.0, 1.0]
R: [1.0, 0.0, 0.0, 0.0, 1.0, 0.0, 0.0, 0.0, 1.0]
P: [1729.4515380859375, 0.0, 997.0791139046996, 0.0, 0.0, 1926.0577392578125, 571.4609883012963, 0.0, 0.0, 0.0, 1.0, 0.0]
binning_x: 0
binning_y: 0
roi: 
  x_offset: 0
  y_offset: 0
  height: 0
  width: 0
  do_rectify: False
