roi:
  x_offset: 0
  width: 0
  height: 0
  do_rectify: false
  y_offset: 0
height: 1080
width: 1920
binning_y: 0
distortion_model: plumb_bob
binning_x: 0
K: [1975.43120868945, 0, 958.0687372936763, 0, 1979.281590341125, 460.0715543199537, 0, 0, 1]
D: [-0.5476408520894877, 0.3437053949263073, 0.0005009295067171142, 0.001344930109755853, -0.1576132886946384]
R: [0, 0, 0, 0, 0, 0, 0, 0, 0]
P: [0, 0, 0, 0, 0, 0, 0, 0, 0, 0, 0, 0]